%YAML:1.0
---
e_vectors: !!opencv-matrix
   rows: 20
   cols: 128
   dt: f
   data: [ -6.27129944e-03, -2.32413914e-02, -2.60018092e-02,
       -1.82642080e-02, 1.38022443e-02, 3.24312374e-02, 1.92106217e-02,
       1.11224316e-02, -8.22421759e-02, -2.03727297e-02, 1.23455143e-02,
       3.58377211e-02, 7.43185431e-02, 3.37421671e-02, -1.32617606e-02,
       -5.63660152e-02, 1.15187794e-01, 4.38221171e-02, -9.76137468e-04,
       -2.89113745e-02, -6.14131726e-02, -3.88682745e-02,
       -2.24342793e-02, 2.65564565e-02, 1.87827758e-02, -1.75891872e-02,
       -2.88509801e-02, -3.20984796e-02, -2.16113776e-03, 7.33361673e-03,
       6.69155316e-03, 1.63086429e-02, -4.91189770e-02, -5.66250063e-04,
       -5.14813419e-03, -8.00563954e-03, 1.74475797e-02, 3.38810645e-02,
       2.95276809e-02, 1.66580193e-02, -2.62532234e-01, -5.50859841e-04,
       9.26549733e-02, 1.84303060e-01, 2.07755923e-01, 5.20837381e-02,
       -8.10469687e-02, -2.17721269e-01, 2.89208829e-01, 1.94754809e-01,
       4.91702519e-02, -5.44494539e-02, -2.21292391e-01, -2.08008841e-01,
       -1.23348959e-01, -5.95312892e-03, 4.35478725e-02, -2.35472973e-02,
       -4.12543751e-02, -2.51834709e-02, 1.60941144e-03, -4.89205995e-04,
       -8.63938127e-03, -1.14430087e-02, -5.18117324e-02, 2.63158325e-02,
       3.71751077e-02, 2.85802800e-02, 1.29776578e-02, -6.40119566e-03,
       -8.21436290e-03, -8.45130533e-03, -2.60830790e-01,
       -2.08162516e-01, -7.12859184e-02, 5.52375093e-02, 2.04360589e-01,
       1.89452559e-01, 8.62887353e-02, -1.23141063e-02, 2.86450714e-01,
       -1.18066389e-04, -1.19290195e-01, -2.04179257e-01,
       -2.25738227e-01, -5.05821183e-02, 4.83531207e-02, 1.87724397e-01,
       4.02035862e-02, -3.08309658e-03, -4.38759476e-03, 5.36014559e-03,
       5.88840712e-03, -2.89699212e-02, -4.25569825e-02, -3.29056568e-02,
       -1.83748994e-02, 1.69594623e-02, 2.36876402e-02, 2.88316943e-02,
       1.36353793e-02, -8.68000742e-03, -1.96174737e-02, -2.80533601e-02,
       -8.75925943e-02, -5.33463471e-02, -4.89264820e-03, 2.82193646e-02,
       7.29209632e-02, 3.90240997e-02, 6.33611530e-03, -2.28761025e-02,
       1.22599296e-01, 3.20310406e-02, -2.04116646e-02, -4.56033908e-02,
       -6.71689063e-02, -2.93913148e-02, -3.19405878e-03, 4.31114100e-02,
       1.06909862e-02, 2.25466695e-02, 1.75861921e-02, 1.23655573e-02,
       1.02588069e-02, -2.76235752e-02, -2.92189233e-02, -2.83617936e-02,
       5.75888120e-02, -2.88988072e-02, -7.52931461e-02, -4.42153290e-02,
       1.29819363e-02, -4.12759334e-02, -5.66991791e-02, -3.11390497e-02,
       3.74648660e-01, 3.01123839e-02, -1.02585919e-01, -9.33688357e-02,
       -3.47506180e-02, -7.02763125e-02, -8.82183835e-02, 3.14966962e-02,
       2.31601164e-01, -1.98407285e-02, -8.72249827e-02, -1.24105420e-02,
       1.16025433e-01, -4.39216122e-02, -1.09887935e-01, -1.87453441e-02,
       1.45517215e-02, -3.82244475e-02, -4.53012362e-02, 1.44137619e-02,
       9.28059295e-02, -2.15336457e-02, -7.76683390e-02, -7.16110542e-02,
       5.51856942e-02, -5.72989844e-02, -1.15975060e-01, -9.53255147e-02,
       2.41058366e-03, -2.90387906e-02, -4.12967466e-02, -2.02386566e-02,
       1.84312418e-01, -2.69415285e-02, -9.95489806e-02, -1.00786731e-01,
       -2.07930654e-02, -7.29572251e-02, -1.53351337e-01,
       -9.74102914e-02, 1.55264810e-01, -4.10698615e-02, -6.35737926e-02,
       1.28937690e-02, 7.12107569e-02, -1.57650337e-01, -1.99685395e-01,
       -8.06958154e-02, 1.46067580e-02, -4.13190164e-02, -3.57480124e-02,
       2.29051430e-02, 7.24690631e-02, -6.53881729e-02, -9.93139744e-02,
       -7.18852207e-02, 4.23623584e-02, -3.09942719e-02, -5.05095124e-02,
       -3.52984890e-02, -1.12809788e-03, -7.07557648e-02,
       -1.02667667e-01, -5.89843653e-02, 1.74698606e-01, -8.59581828e-02,
       -1.20686300e-01, -4.39165421e-02, -1.01665696e-02,
       -1.03836015e-01, -1.11390918e-01, -4.52950075e-02, 1.39306411e-01,
       -6.83773533e-02, -1.55593067e-01, -1.05286665e-01, 6.07881844e-02,
       -3.80285308e-02, -8.65029022e-02, -5.16119972e-02, 2.19913442e-02,
       -7.72862360e-02, -9.18186605e-02, -4.23095748e-02, 6.29363880e-02,
       -2.31272653e-02, -4.47825268e-02, -2.64950022e-02, 4.12331894e-02,
       -3.50839198e-02, -4.86878939e-02, -2.85782795e-02, 7.83406943e-03,
       -4.36891615e-02, -8.10142383e-02, -4.33462709e-02, 3.12949598e-01,
       1.59958489e-02, -7.51012266e-02, -4.17019129e-02, -4.37593227e-03,
       -8.01061392e-02, -1.03657007e-01, 9.45038814e-03, 2.12883100e-01,
       -7.21794844e-04, -8.71617943e-02, -3.47115919e-02, 9.84217152e-02,
       -3.06025390e-02, -8.67534950e-02, -2.56437398e-02, 2.46067718e-02,
       -5.05685546e-02, -6.45094439e-02, -2.55397782e-02, 7.42893741e-02,
       -1.12232435e-02, -4.74357679e-02, -3.12140789e-02,
       -4.01176587e-02, 1.95720559e-03, 1.89419631e-02, -2.96945795e-02,
       -5.00639230e-02, 1.35024020e-03, 9.16943047e-03, -1.53922923e-02,
       -5.83528541e-02, 1.22371102e-02, 3.89101770e-04, -6.18823208e-02,
       -9.44688022e-02, -8.43836088e-03, 4.31982540e-02, -3.99778783e-03,
       7.02255219e-02, 2.64734346e-02, -1.81297120e-02, -1.04138248e-01,
       -1.92848355e-01, -2.80915312e-02, 6.68523163e-02, 5.73403314e-02,
       -8.32523499e-03, -1.23444824e-02, -2.13892367e-02,
       -9.64201391e-02, -9.95710641e-02, 2.57677622e-02, 6.60758764e-02,
       3.08412034e-02, -7.06791785e-03, 7.86297675e-03, -5.97110065e-03,
       -7.86397383e-02, -1.07957669e-01, 7.15284096e-03, 3.54618356e-02,
       2.05604192e-02, 6.81239441e-02, -1.87478121e-02, -4.51061688e-02,
       -1.61478475e-01, -1.73069134e-01, 3.79456393e-02, 1.50814980e-01,
       1.60187826e-01, 2.64758375e-02, -3.82116139e-02, -8.13957527e-02,
       -2.34794781e-01, -2.65731752e-01, 9.92292091e-02, 2.19921708e-01,
       1.52923539e-01, -3.86592261e-02, -3.65160219e-02, -6.18555732e-02,
       -1.40728280e-01, -1.07051715e-01, 1.04072027e-01, 1.36148334e-01,
       3.60175893e-02, 4.40256037e-02, 9.75272153e-03, -8.77718348e-03,
       -7.15912282e-02, -1.34871513e-01, -2.01528613e-02, 4.26751003e-02,
       4.28867564e-02, 7.99800009e-02, -2.71063335e-02, -8.79093185e-02,
       -1.39745221e-01, -1.93129614e-01, -2.20905915e-02, 7.06492066e-02,
       1.07028760e-01, 1.53655052e-01, 3.91657278e-02, -8.69234726e-02,
       -2.64040709e-01, -1.81772351e-01, 9.46908891e-02, 9.77562442e-02,
       7.78878033e-02, -6.13933206e-02, -2.93308906e-02, -2.26498935e-02,
       -8.17780346e-02, -3.63518037e-02, 1.09392591e-01, 7.17805400e-02,
       -2.42296774e-02, 3.28510031e-02, 6.91801833e-04, -1.88875967e-03,
       -5.02117686e-02, -9.19558555e-02, -2.10594684e-02, 1.98907796e-02,
       4.88200821e-02, 2.02333495e-01, 8.20832476e-02, -1.51704438e-02,
       -6.97971508e-02, -1.40036017e-01, -7.12494627e-02,
       -4.72033303e-03, 7.37867057e-02, 1.56569794e-01, 1.17041774e-01,
       1.17854895e-02, -6.81429729e-02, -1.00597061e-01, -4.18439806e-02,
       -3.02296616e-02, -1.33156860e-02, -4.32911552e-02, 1.23972343e-02,
       2.69034114e-02, 8.92951526e-03, 1.44364713e-02, 2.64694206e-02,
       -2.01711319e-02, -5.46565689e-02, 1.20583717e-02, 1.94671787e-02,
       1.79878399e-02, -1.49303433e-02, -6.86189905e-02, -4.18961421e-02,
       -1.12620108e-02, 6.80177473e-03, 1.96377635e-01, 3.83429788e-02,
       -9.90323629e-03, -5.27823232e-02, -1.21368751e-01,
       -6.88955635e-02, -2.84853373e-02, 7.61759207e-02, 1.63534775e-01,
       -2.17120512e-03, -2.18336191e-02, -1.67525504e-02,
       -8.44852477e-02, -6.78405166e-02, -5.22067398e-03, 9.61491391e-02,
       -2.83386521e-02, -3.66120972e-02, -4.58058063e-03, 4.07166593e-02,
       1.00047672e-02, 1.48081628e-03, 2.97219045e-02, 1.60345659e-02,
       1.93144493e-02, 1.91582013e-02, 3.67920734e-02, -5.52388141e-03,
       -1.02791741e-01, -4.53364402e-02, -2.85384525e-03,
       -8.39337241e-03, 7.22698644e-02, 8.27637017e-02, 5.36578596e-02,
       -2.31305938e-02, -1.78881571e-01, -1.16548277e-01,
